VERSION
54
10
0
2
11
12
9.128489
12.348166
10.361331
8.081412
1.000000 0.000000 0.000000 0.000000
0.000000 1.000000 0.000000 0.000000
0.000000 0.000000 1.000000 0.000000
-0.419979 8.054056 -0.000000 1.000000
12
18.161648
13
3
6.948529
1.000000 0.000000 0.000000 0.000000
0.000000 1.000000 0.000000 0.000000
0.000000 0.000000 1.000000 0.000000
1.773696 2.559184 0.000001 1.000000
15
0
8.353045
39.906879
46.414993
0.096386
0.036145
8.472817
11.749815
3.101032
12.404126
1
1
-0.110824 0.993840 0.000000 0.000000
-0.993840 -0.110824 0.000000 0.000000
0.000000 -0.000000 1.000000 0.000000
11.749815 12.404126 -0.000000 1.000000
5.143056
0
8.353045
39.906879
46.414993
0.096386
0.036145
8.472817
11.749815
3.101032
12.404126
1
1
-0.110823 0.993840 -0.000000 0.000000
-0.993840 -0.110823 -0.000000 0.000000
0.000000 0.000000 -1.000000 0.000000
11.749815 12.404126 0.000000 1.000000
5.143056
16
0
22.960148
23.514420
0.072289
0.036145
7.425437
0.000000
0.000000
-1.910054 -0.000000 3.673300 1.000000
5.861220
7.907874
0.000000
6.729918
5
3
0.352570 -0.722045 -0.595269 0.000000
0.284039 0.688679 -0.667116 0.000000
0.891637 0.066126 0.447896 0.000000
3.068939 -2.432078 -1.036014 1.000000
1.485813
2.117193
1.978682
3
0.965630 -0.252895 -0.060018 0.000000
-0.059162 0.010996 -0.998188 0.000000
0.253097 0.967431 -0.004344 0.000000
7.699894 -2.309667 -0.238236 1.000000
2.683701
2.151874
2.151874
3
0.996263 -0.000000 -0.086376 0.000000
-0.086376 -0.000000 -0.996263 0.000000
0.000000 1.000000 -0.000000 0.000000
8.278349 -1.028936 -0.294332 1.000000
3.709218
2.074957
2.864408
3
0.995176 0.081276 -0.054940 0.000000
-0.048790 -0.075817 -0.995927 0.000000
-0.085111 0.993804 -0.071486 0.000000
7.994738 0.312560 -0.720210 1.000000
4.238404
2.230123
2.397644
3
0.954882 0.289582 -0.065893 0.000000
-0.049335 -0.064120 -0.996722 0.000000
-0.292858 0.955003 -0.046940 0.000000
7.910028 1.582580 -0.512066 1.000000
2.111400
1.863470
2.148540
0
22.960148
23.514420
0.072289
0.036145
7.425437
0.000000
0.000000
1.910054 0.000000 3.673300 1.000000
5.861220
7.907874
0.000000
6.729918
5
3
0.352570 -0.722045 -0.595269 0.000000
0.284039 0.688679 -0.667116 0.000000
0.891637 0.066126 0.447896 0.000000
3.068939 -2.432078 -1.036014 1.000000
1.485813
2.117193
1.978682
3
0.965630 -0.252895 -0.060018 0.000000
-0.059162 0.010996 -0.998188 0.000000
0.253097 0.967431 -0.004344 0.000000
7.699894 -2.309667 -0.238236 1.000000
2.683701
2.151874
2.151874
3
0.996263 -0.000000 -0.086376 0.000000
-0.086376 -0.000000 -0.996263 0.000000
0.000000 1.000000 -0.000000 0.000000
8.278349 -1.028936 -0.294332 1.000000
3.709218
2.074957
2.864408
3
0.995176 0.081276 -0.054940 0.000000
-0.048790 -0.075817 -0.995927 0.000000
-0.085111 0.993804 -0.071486 0.000000
7.994738 0.312560 -0.720210 1.000000
4.238404
2.230123
2.397644
3
0.954882 0.289582 -0.065893 0.000000
-0.049335 -0.064120 -0.996722 0.000000
-0.292858 0.955003 -0.046940 0.000000
7.910028 1.582580 -0.512066 1.000000
2.111400
1.863470
2.148540
19
0
20
0
30
0
21
0
22
0
23
0
25
0
0
0
0
0
0
0
0
0
0
0
0.500000
0.500000
0.500000
0.500000
0.500000
0.500000
0.500000
0.500000
0.500000
0.500000
26
0
0
0
0
0
0
5
3
1
18
0.000000
31
2
0
32
0
33
0
0
17
501
10.858961
10.858961
503
10.858961
14.969641
10.858961
15.116700
10.858961
12.466987
10.858961
13.643682
506
25.059122
25.059122
25.059122
25.059122
2.610325
2.610325
2.610325
2.610325
2.610325
2.610325
2.257768
2.162540
2.257768
2.162540
2.257768
2.162540
2.534667
1.835738
2.534667
1.835738
2.534667
1.835738
3.132390
1.979827
3.132390
1.979827
3.132390
1.979827
2.204368
1.974210
2.204368
1.974210
2.204368
1.974210
7.425437
27.147385
16.275623
25.059122
25.059122
25.059122
25.059122
2.610325
2.610325
2.610325
2.610325
2.610325
2.610325
2.257768
2.162540
2.257768
2.162540
2.257768
2.162540
2.534667
1.835738
2.534667
1.835738
2.534667
1.835738
3.132390
1.979827
3.132390
1.979827
3.132390
1.979827
2.204368
1.974210
2.204368
1.974210
2.204368
1.974210
7.425437
27.147385
16.275623
505
41.765198
41.765198
41.765198
41.765198
1.252957
8.933233
40.000000
40.000000
40.000000
41.765198
41.765198
41.765198
41.765198
1.252957
8.933233
40.000000
40.000000
40.000000
500
18.161648
19.629662
23.318769
18.161648
20.882599
20.882599
8.353045
507
100
0.000000
0.000000
0.187545
0.982256
0.000000
0.000000
0.000000
3
-0.577806
-0.000000
-0.000000
0.000000 0.000000 0.000000 0.000000
0.000000
0.000000 0.000000 0.000000 1.000000
101
3
-0.642321
-0.000000
-0.000000
0.000000 0.000000 0.000000 0.000000
0.000001 0.000000 1.000000 0.000000
-0.000000 1.000000 0.000000 0.000000
-1.000000 -0.000000 0.000001 0.000000
0.000000 97.596428 -0.365430 1.000000
108
0.000000 0.000000 0.000000 0.000000
0.000000 97.596428 -0.365430 1.000000
-0.000000
0.707106
-0.000000
0.707107
102
-0.000000
-0.000000
0.000000
1.000000
0.000000
0.000000
0.000000
103
12
-0.384131
-0.000000
-0.000000
0.229347
-0.000000
-0.000000
0.719044
-0.000000
-0.000000
-0.188508
-0.000000
-0.000000
0.000000 0.000000 0.000000 0.000000
105
3.003545
0.300000
-0.006340
-0.081133
-0.000121
0.996683
0.000000
0.000000
0.000000
-0.120000
0.000000
0
0.000000
0.000000
84.754715 6.495642 -13.808190 1.000000
-22.161249 12.841714 -6.861037 1.000000
0.161729 -0.012619 0.986755 0.000000
3
0
-0.000000
-0.000000
0.707107
0.707107
0.000000
0.000000
0.000000
0.000000
0.000000
0.000000
1.000000
-0.500000
0.500000
0.500000
0.500000
0.000000
0.000000
0.000000
1
0.000000
0.000000
0.000000
1.000000
0.000000
0.000000
0.000000
1.000000
1
0.000000
0.000000
1
0.000000
0.000000
0.000000
1.000000
0.000000
0.000000
0.000000
1.000000
1
0.000000
0.000000
1
0.000000
0.000000
0.000000
1.000000
0.000000
0.000000
0.000000
1.000000
1
0.000000
0.000000
1
0.000000
0.000000
0.000000
1.000000
0.000000
0.000000
0.000000
1.000000
1
0.000000
0.000000
1
0.000000
0.000000
0.000000
1.000000
0.000000
0.000000
0.000000
1.000000
1
0.000000
0.000000
0
0
5
0
0
-22.161232 1.091899 5.543088 1.000000
0.000000 0.000000 0.000000 1.000000
0.000000
3.003545
0.300000
-0.006340
-0.081133
-0.000121
0.996683
0.000000
0.000000
0.000000
-0.120000
0.000000
0
0.000000
0.000000
84.754715 6.495642 -13.808190 1.000000
22.544161 10.479064 -7.196697 1.000000
0.161729 -0.012619 0.986755 0.000000
3
0
0.000000
0.000000
0.707107
0.707107
0.000000
0.000000
0.000000
0.000000
0.000000
0.000000
1.000000
0.000000
0.000000
0.000000
1.000000
0.000000
0.000000
0.000000
1
0.000000
0.000000
0.000000
1.000000
0.000000
0.000000
0.000000
1.000000
1
0.000000
0.000000
1
0.000000
0.000000
0.000000
1.000000
0.000000
0.000000
0.000000
1.000000
1
0.000000
0.000000
1
0.000000
0.000000
0.000000
1.000000
0.000000
0.000000
0.000000
1.000000
1
0.000000
0.000000
1
0.000000
0.000000
0.000000
1.000000
0.000000
0.000000
0.000000
1.000000
1
0.000000
0.000000
1
0.000000
0.000000
0.000000
1.000000
0.000000
0.000000
0.000000
1.000000
1
0.000000
0.000000
0
0
5
0
0
0.000000 0.000000 0.000000 1.000000
0.000000 0.000000 0.000000 1.000000
0.000000
106
3.134912
0.300000
0.029418
0.377508
0.021022
0.925300
0.000000
0.000000
0.000000
0.000000
0.000000
0
0.000000
0.000000
33.196339 -0.619108 32.518936 1.000000
-43.617676 108.689743 -6.363431 1.000000
-0.697379 0.070313 0.713245 1.000000
0
0
0.000000
0.000000
0.000000
1.000000
0.000000
0.000000
0.000000
0.000000
0.000000
0.000000
1.000000
0.627082
-0.267606
0.280352
0.675691
0.000000
0.000000
0.000000
4
0.000000
0.000000
-0.000000
1.000000
0.000000
0.000000
0.000000
1.000000
0.000000
0.000000
-0.020176
0.999796
0.000000
0.000000
0.000000
1.000000
0.000000
0.000000
-0.016056
0.999871
0.000000
0.000000
0.000000
1.000000
0.000000
0.000000
0.000000
1.000000
0.000000
0.000000
0.000000
1.000000
0
0.000000
0.000000
0.000000
0.000000
0.000000
0.233333
0.000000
0.000000
0.233333
0.000000
0.000000
0.000000
4
0.000000
0.000000
-0.000000
1.000000
0.000000
0.000000
0.000000
1.000000
0.000000
0.000000
0.012918
0.999917
0.000000
0.000000
0.000000
1.000000
0.000000
0.000000
-0.041469
0.999140
0.000000
0.000000
0.000000
1.000000
0.000000
0.000000
0.000000
1.000000
0.000000
0.000000
0.000000
1.000000
0
0.000000
0.000000
0.000000
0.000000
0.000000
0.233333
0.000000
0.000000
0.233333
0.000000
0.000000
0.000000
4
0.000000
0.000000
-0.000000
1.000000
0.000000
0.000000
0.000000
1.000000
0.000000
0.000000
-0.044949
0.998989
0.000000
0.000000
0.000000
1.000000
0.000000
0.000000
0.021631
0.999766
0.000000
0.000000
0.000000
1.000000
0.000000
0.000000
0.000000
1.000000
0.000000
0.000000
0.000000
1.000000
0
0.000000
0.000000
0.000000
0.000000
0.000000
0.233333
0.000000
0.000000
0.233333
0.000000
0.000000
0.000000
4
-0.000000
0.000000
-0.000000
1.000000
0.000000
0.000000
0.000000
1.000000
0.000000
0.000000
-0.010141
0.999949
0.000000
0.000000
0.000000
1.000000
0.000000
0.000000
-0.029416
0.999567
0.000000
0.000000
0.000000
1.000000
0.000000
0.000000
0.000000
1.000000
0.000000
0.000000
0.000000
1.000000
0
0.000000
-0.000000
0.000000
0.000000
0.000000
0.233333
0.000000
0.000000
0.233333
0.000000
0.000000
0.000000
4
-0.000000
0.000000
-0.000000
1.000000
0.000000
0.000000
0.000000
1.000000
0.023527
0.000217
-0.009228
0.999681
0.000000
0.000000
0.000000
1.000000
0.023526
0.000279
-0.011873
0.999653
0.000000
0.000000
0.000000
1.000000
0.000000
0.000000
0.000000
1.000000
0.000000
0.000000
0.000000
1.000000
0
0.000000
-0.000000
0.000000
0.000000
0.000000
0.233333
0.000000
0.000000
0.233333
0.000000
0.000000
0.000000
0
0
5
0
0
-48.616524 102.518211 -6.495312 1.000000
0.000000 0.000000 0.000000 1.000000
0.000000
3.134912
0.300000
0.029418
0.377508
0.021022
0.925300
0.000000
0.000000
0.000000
0.000000
0.000000
0
0.000000
0.000000
33.196339 -0.619108 32.518936 1.000000
43.617661 108.689743 -6.363551 1.000000
-0.697379 0.070313 0.713245 1.000000
0
0
0.000000
0.000000
0.000000
1.000000
0.000000
0.000000
0.000000
0.000000
0.000000
0.000000
1.000000
0.627082
-0.267606
0.280352
0.675691
0.000000
0.000000
0.000000
4
0.000000
0.000000
-0.000000
1.000000
0.000000
0.000000
0.000000
1.000000
0.000000
0.000000
-0.020176
0.999796
0.000000
0.000000
0.000000
1.000000
0.000000
0.000000
-0.016056
0.999871
0.000000
0.000000
0.000000
1.000000
0.000000
0.000000
0.000000
1.000000
0.000000
0.000000
0.000000
1.000000
0
0.000000
0.000000
0.000000
0.000000
0.000000
0.233333
0.000000
0.000000
0.233333
0.000000
0.000000
0.000000
4
0.000000
0.000000
-0.000000
1.000000
0.000000
0.000000
0.000000
1.000000
0.000000
0.000000
0.012918
0.999917
0.000000
0.000000
0.000000
1.000000
0.000000
0.000000
-0.041469
0.999140
0.000000
0.000000
0.000000
1.000000
0.000000
0.000000
0.000000
1.000000
0.000000
0.000000
0.000000
1.000000
0
0.000000
0.000000
0.000000
0.000000
0.000000
0.233333
0.000000
0.000000
0.233333
0.000000
0.000000
0.000000
4
0.000000
0.000000
-0.000000
1.000000
0.000000
0.000000
0.000000
1.000000
0.000000
0.000000
-0.044949
0.998989
0.000000
0.000000
0.000000
1.000000
0.000000
0.000000
0.021631
0.999766
0.000000
0.000000
0.000000
1.000000
0.000000
0.000000
0.000000
1.000000
0.000000
0.000000
0.000000
1.000000
0
0.000000
0.000000
0.000000
0.000000
0.000000
0.233333
0.000000
0.000000
0.233333
0.000000
0.000000
0.000000
4
-0.000000
0.000000
-0.000000
1.000000
0.000000
0.000000
0.000000
1.000000
0.000000
0.000000
-0.010141
0.999949
0.000000
0.000000
0.000000
1.000000
0.000000
0.000000
-0.029416
0.999567
0.000000
0.000000
0.000000
1.000000
0.000000
0.000000
0.000000
1.000000
0.000000
0.000000
0.000000
1.000000
0
0.000000
-0.000000
0.000000
0.000000
0.000000
0.233333
0.000000
0.000000
0.233333
0.000000
0.000000
0.000000
4
-0.000000
0.000000
-0.000000
1.000000
0.000000
0.000000
0.000000
1.000000
0.023527
0.000217
-0.009228
0.999681
0.000000
0.000000
0.000000
1.000000
0.023526
0.000279
-0.011873
0.999653
0.000000
0.000000
0.000000
1.000000
0.000000
0.000000
0.000000
1.000000
0.000000
0.000000
0.000000
1.000000
0
0.000000
-0.000000
0.000000
0.000000
0.000000
0.233333
0.000000
0.000000
0.233333
0.000000
0.000000
0.000000
0
0
5
0
0
0.000000 0.000000 0.000000 1.000000
0.000000 0.000000 0.000000 1.000000
0.000000
107
27
0.500000
0.500000
0.500000
0.500000
0.500000
0.500000
28
6
0
-0.004342
-0.009040
-0.014528
-0.999844
pose1
-0.028972 -0.018203 -0.999414
-0.999540 -0.008421 0.029129
0.000000
0.500000
0.306306
0.285922
-0.628247
0.655539
pose2
0.998840 0.010006 -0.047110
-0.022966 -0.760849 -0.648522
0.000000
0.500000
-0.604889
0.099517
0.672610
-0.414490
pose3
0.437187 0.896206 -0.075384
0.636588 -0.367568 -0.677974
0.000000
0.500000
-0.202303
-0.721503
-0.037610
-0.661130
pose4
0.242194 -0.969231 0.043962
-0.915318 -0.213225 0.341656
0.000000
0.500000
-0.105683
0.335716
0.702526
0.618533
pose5
-0.940030 -0.266812 0.212496
0.009423 0.602436 0.798112
0.000000
0.500000
0.017896
0.466863
-0.884082
0.010833
pose6
0.035866 0.021528 0.999125
0.563844 -0.825878 -0.002445
0.000000
0.500000
29
6
0
0.000000
0.000000
-0.020622
0.999787
pose1
-0.041236 0.000000 -0.999149
0.999149 0.000000 -0.041236
0.000000
0.500000
0.036782
0.019800
0.678470
0.733439
pose2
0.993777 0.078954 -0.078572
0.076650 0.027087 0.996690
0.000000
0.500000
0.183027
0.681963
-0.186833
-0.683024
pose3
0.005588 -0.999984 -0.000040
0.863189 0.004803 0.504858
0.000000
0.500000
0.000000
0.000000
-0.697373
0.716708
pose4
-0.999626 0.000000 -0.027341
0.027341 0.000000 -0.999626
0.000000
0.500000
0.000156
0.008472
0.999794
-0.018419
pose5
-0.036833 0.000000 0.999321
-0.999178 -0.016947 -0.036828
0.000000
0.500000
0.351327
0.624934
0.376430
0.586794
pose6
0.002661 0.997915 0.064484
0.469740 -0.058174 0.880886
0.000000
0.500000
